0.5084745762711864 32.47033898305085
1.0169491525423728 17.010677966101696
1.5254237288135593 21.861016949152543
2.0338983050847457 32.71135593220339
2.542372881355932 22.681694915254237
3.0508474576271185 31.162033898305083
3.559322033898305 35.022372881355935
4.067796610169491 13.17271186440678
4.576271186440678 33.773050847457625
5.084745762711864 28.123389830508472
5.59322033898305 6.603728813559326
6.101694915254237 23.87406779661017
6.610169491525424 7.934406779661018
7.11864406779661 22.294745762711866
7.627118644067796 21.985084745762713
8.135593220338983 10.18542372881356
8.64406779661017 14.945762711864408
9.152542372881356 9.29610169491525
9.661016949152541 12.676440677966102
10.169491525423728 -0.1132203389830515
10.677966101694915 4.737118644067799
11.1864406779661 7.72745762711865
11.694915254237287 -16.972203389830504
12.203389830508474 -0.3918644067796606
12.711864406779661 -19.091525423728818
13.220338983050848 -23.121186440677963
13.728813559322033 -1.8608474576271128
14.23728813559322 -24.61050847457627
14.745762711864407 -19.160169491525423
15.254237288135592 -14.249830508474577
15.762711864406779 -23.529491525423726
16.271186440677965 -15.799152542372877
16.779661016949152 -29.188813559322035
17.28813559322034 -17.85847457627119
17.796610169491526 -36.49813559322033
18.305084745762713 -27.2977966101695
18.813559322033896 -16.53745762711865
19.322033898305083 -43.8471186440678
19.83050847457627 -35.69677966101695
20.338983050847457 -33.12644067796611
20.847457627118644 -31.546101694915258
21.35593220338983 -31.945762711864404
21.864406779661017 -51.845423728813564
22.3728813559322 -51.4650847457627
22.881355932203387 -41.00474576271186
23.389830508474574 -42.81440677966101
23.89830508474576 -36.70406779661016
24.406779661016948 -39.443728813559325
24.915254237288135 -37.20338983050847
25.423728813559322 -44.59305084745763
25.93220338983051 -59.002711864406784
26.440677966101696 -70.32237288135593
26.94915254237288 -71.89203389830509
27.457627118644066 -71.57169491525423
27.966101694915253 -56.341355932203385
28.47457627118644 -55.031016949152544
28.983050847457626 -67.3106779661017
29.491525423728813 -56.670338983050854