0.25  0.0
0.5  0.108875
0.75  0.27775
1.0   0.39775
1.25 0.51775
1.5 0.6365
1.75 0.747875
2.0 0.8335
2.25 0.873875
2.5 0.88125
2.75 0.88125
3.0 0.88125
3.25 0.88125
3.5 0.88125
3.75 0.88125
4.0 0.88125
4.25 0.88125
4.5 0.88125
4.75 0.88125
5.0 0.88125
5.25 0.88125
5.5 0.88125
5.75 0.88125
6. 0.88125
6.25 0.88125
6.5 0.88125
6.75 0.88125
7.0 0.88125
7.25 0.88125
7.5 0.88125
7.75 0.88125
8.0 0.790875
8.25 0.608875
8.5 0.425625
8.75 0.330125
9.0 0.3235
9.25 0.305875
9.5 0.28975
9.75 0.2885
10.0 0.2885
10.25 0.2885