0.5 0.01360937
0.75 0.04832812
1.0 0.0844375
1.25 0.1144375
1.5 0.14428125
1.75 0.17304687
2.0 0.19767187
2.25 0.21342187
2.5 0.21939063
2.75 0.2203125
3.0 0.2203125
3.25 0.2203125
3.5 0.2203125
3.75 0.2203125
4.0 0.2203125
4.25 0.2203125
4.5 0.2203125
4.75 0.2203125
5.0 0.2203125
5.25 0.2203125
5.5 0.2203125
5.75 0.2203125
6.0 0.2203125
6.25 0.2203125
6.5 0.2203125
6.75 0.2203125
7.0 0.2203125
7.25 0.2203125
7.5 0.2203125
7.75 0.2203125
8.0 0.20901562
8.25 0.17496875
8.5 0.1293125
8.75 0.09446875
9.0 0.08170313
9.25 0.07867188
9.5 0.07445313
9.75 0.07228125
10.0 0.072125